NtQueryEaFile = 0x00000000
bytesReturned = 1041 (0x411)
0000: 00 00 00 00 00 08 00 04 4D 41 47 49 43 45 41 5F 
0010: 00 41 41 41 41 41 41 41 41 41 41 41 41 41 41 41 
0020: 41 00 00 00 00 00 00 00 FF FF FF FF 82 79 47 11 
0030: 00 00 00 00 00 00 00 00 00 00 00 00 00 00 00 00 
0040: 00 00 00 00 00 00 00 00 00 00 00 00 00 00 00 00 
0050: 00 00 00 00 00 00 00 00 00 00 00 00 00 00 00 00 
0060: 00 00 00 00 00 00 00 00 00 00 00 00 00 00 00 00 
0070: 00 00 00 00 00 00 00 00 00 00 00 00 00 00 00 00 
0080: 00 00 00 00 00 00 00 00 00 00 00 00 00 00 00 00 
0090: 00 00 00 00 00 00 00 00 00 00 00 00 00 00 00 00 
00A0: 00 00 00 00 00 00 00 00 00 00 00 00 00 00 00 00 
00B0: 00 00 00 00 00 00 00 00 00 00 00 00 00 00 00 00 
00C0: 00 00 00 00 00 00 00 00 00 00 00 00 00 00 00 00 
00D0: 00 00 00 00 00 00 00 00 00 00 00 00 00 00 00 00 
00E0: 00 00 00 00 00 00 00 00 00 00 00 00 00 00 00 00 
00F0: 00 00 00 00 00 00 00 00 00 00 00 00 00 00 00 00 
0100: 00 00 00 00 00 00 00 00 00 00 00 00 00 00 00 00 
0110: 00 00 00 00 00 00 00 00 00 00 00 00 00 00 00 00 
0120: 00 00 00 00 00 00 00 00 00 00 00 00 00 00 00 00 
0130: 00 00 00 00 00 00 00 00 00 00 00 00 00 00 00 00 
0140: 00 00 00 00 00 00 00 00 00 00 00 00 00 00 00 00 
0150: 00 00 00 00 00 00 00 00 00 00 00 00 00 00 00 00 
0160: 00 00 00 00 00 00 00 00 00 00 00 00 00 00 00 00 
0170: 00 00 00 00 00 00 00 00 00 00 00 00 00 00 00 00 
0180: 00 00 00 00 00 00 00 00 00 00 00 00 00 00 00 00 
0190: 00 00 00 00 00 00 00 00 00 00 00 00 00 00 00 00 
01A0: 00 00 00 00 00 00 00 00 00 00 00 00 00 00 00 00 
01B0: 00 00 00 00 00 00 00 00 00 00 00 00 00 00 00 00 
01C0: 00 00 00 00 00 00 00 00 00 00 00 00 00 00 00 00 
01D0: 00 00 00 00 00 00 00 00 00 00 00 00 00 00 00 00 
01E0: 00 00 00 00 00 00 00 00 00 00 00 00 00 00 00 00 
01F0: 00 00 00 00 00 00 00 00 00 00 00 00 00 00 00 00 
0200: 00 00 00 00 00 00 00 00 00 00 00 00 00 00 00 00 
0210: 00 00 00 00 00 00 00 00 00 00 00 00 00 00 00 00 
0220: 00 00 00 00 00 00 00 00 00 00 00 00 00 00 00 00 
0230: 00 00 00 00 00 00 00 00 00 00 00 00 00 00 00 00 
0240: 00 00 00 00 00 00 00 00 00 00 00 00 00 00 00 00 
0250: 00 00 00 00 00 00 00 00 00 00 00 00 00 00 00 00 
0260: 00 00 00 00 00 00 00 00 00 00 00 00 00 00 00 00 
0270: 00 00 00 00 00 00 00 00 00 00 00 00 00 00 00 00 
0280: 00 00 00 00 00 00 00 00 00 00 00 00 00 00 00 00 
0290: 00 00 00 00 00 00 00 00 00 00 00 00 00 00 00 00 
02A0: 00 00 00 00 00 00 00 00 46 49 4C 45 30 00 03 00 
02B0: F6 45 28 00 00 00 00 00 01 00 01 00 38 00 01 00 
02C0: 88 01 00 00 00 04 00 00 00 00 00 00 00 00 00 00 
02D0: 03 00 00 00 27 00 00 00 01 00 00 00 00 00 00 00 
02E0: 10 00 00 00 60 00 00 00 00 00 00 00 00 00 00 00 
02F0: 48 00 00 00 18 00 00 00 0B B3 80 A6 44 2E DD 01 
0300: 0B B3 80 A6 44 2E DD 01 0B B3 80 A6 44 2E DD 01 
0310: 0B B3 80 A6 44 2E DD 01 20 00 00 00 00 00 00 00 
0320: 00 00 00 00 00 00 00 00 00 00 00 00 07 01 00 00 
0330: 00 00 00 00 00 00 00 00 00 00 00 00 00 00 00 00 
0340: 30 00 00 00 80 00 00 00 00 00 00 00 00 00 02 00 
0350: 64 00 00 00 18 00 01 00 24 00 00 00 00 00 01 00 
0360: 0B B3 80 A6 44 2E DD 01 0B B3 80 A6 44 2E DD 01 
0370: 0B B3 80 A6 44 2E DD 01 0B B3 80 A6 44 2E DD 01 
0380: 00 00 00 00 00 00 00 00 00 00 00 00 00 00 00 00 
0390: 20 00 00 00 00 00 00 00 11 00 49 00 6E 00 64 00 
03A0: 65 00 78 00 65 00 72 00 56 00 6F 00 6C 00 75 00 
03B0: 6D 00 65 00 47 00 75 00 69 00 64 00 00 00 00 00 
03C0: 80 00 00 00 68 00 00 00 00 00 18 00 00 00 01 00 
03D0: 4C 00 00 00 18 00 00 00 7B 00 42 00 44 00 36 00 
03E0: 31 00 32 00 44 00 39 00 43 00 2D 00 41 00 34 00 
03F0: 32 00 30 00 2D 00 34 00 33 00 34 00 34 00 2D 00 
0400: 41 00 45 00 43 00 32 00 2D 00 43 00 42 00 38 00 
0410: 39 
