NtSetEaFile   = 0x00000000
NtQueryEaFile = 0x00000000
bytesReturned = 1041 (0x411)
valueLenSet   = 16   (entry we wrote = 36 bytes)
0000: 00 00 00 00 00 08 00 04 4D 41 47 49 43 45 41 5F 
0010: 00 41 41 41 41 41 41 41 41 41 41 41 41 41 41 41 
0020: 41 00 00 00 00 00 00 00 FF FF FF FF 82 79 47 11 
0030: 00 00 00 00 00 00 00 00 00 00 00 00 00 00 00 00 
0040: 00 00 00 00 00 00 00 00 00 00 00 00 00 00 00 00 
0050: 00 00 00 00 00 00 00 00 00 00 00 00 00 00 00 00 
0060: 00 00 00 00 00 00 00 00 00 00 00 00 00 00 00 00 
0070: 00 00 00 00 00 00 00 00 00 00 00 00 00 00 00 00 
0080: 00 00 00 00 00 00 00 00 00 00 00 00 00 00 00 00 
0090: 00 00 00 00 00 00 00 00 00 00 00 00 00 00 00 00 
00A0: 00 00 00 00 00 00 00 00 00 00 00 00 00 00 00 00 
00B0: 00 00 00 00 00 00 00 00 00 00 00 00 00 00 00 00 
00C0: 00 00 00 00 00 00 00 00 00 00 00 00 00 00 00 00 
00D0: 00 00 00 00 00 00 00 00 00 00 00 00 00 00 00 00 
00E0: 00 00 00 00 00 00 00 00 00 00 00 00 00 00 00 00 
00F0: 00 00 00 00 00 00 00 00 00 00 00 00 00 00 00 00 
0100: 00 00 00 00 00 00 00 00 00 00 00 00 00 00 00 00 
0110: 00 00 00 00 00 00 00 00 00 00 00 00 00 00 00 00 
0120: 00 00 00 00 00 00 00 00 00 00 00 00 00 00 00 00 
0130: 00 00 00 00 00 00 00 00 00 00 00 00 00 00 00 00 
0140: 00 00 00 00 00 00 00 00 00 00 00 00 00 00 00 00 
0150: 00 00 00 00 00 00 00 00 00 00 00 00 00 00 00 00 
0160: 00 00 00 00 00 00 00 00 00 00 00 00 00 00 00 00 
0170: 00 00 00 00 00 00 00 00 00 00 00 00 00 00 00 00 
0180: 00 00 00 00 00 00 00 00 00 00 00 00 00 00 00 00 
0190: 00 00 00 00 00 00 00 00 00 00 00 00 00 00 00 00 
01A0: 00 00 00 00 00 00 00 00 00 00 00 00 00 00 00 00 
01B0: 00 00 00 00 00 00 00 00 00 00 00 00 00 00 00 00 
01C0: 00 00 00 00 00 00 00 00 00 00 00 00 00 00 00 00 
01D0: 00 00 00 00 00 00 00 00 00 00 00 00 00 00 00 00 
01E0: 00 00 00 00 00 00 00 00 00 00 00 00 00 00 00 00 
01F0: 00 00 00 00 00 00 00 00 00 00 00 00 00 00 00 00 
0200: 00 00 00 00 00 00 00 00 00 00 00 00 00 00 00 00 
0210: 00 00 00 00 00 00 00 00 00 00 00 00 00 00 00 00 
0220: 00 00 00 00 00 00 00 00 00 00 00 00 00 00 00 00 
0230: 00 00 00 00 00 00 00 00 00 00 00 00 00 00 00 00 
0240: 00 00 00 00 00 00 00 00 00 00 00 00 00 00 00 00 
0250: 00 00 00 00 00 00 00 00 00 00 00 00 00 00 00 00 
0260: 00 00 00 00 00 00 00 00 00 00 00 00 00 00 00 00 
0270: 00 00 00 00 00 00 00 00 00 00 00 00 00 00 00 00 
0280: 00 00 00 00 00 00 00 00 00 00 00 00 00 00 00 00 
0290: 00 00 00 00 00 00 00 00 00 00 00 00 00 00 00 00 
02A0: 00 00 00 00 00 00 00 00 46 49 4C 45 30 00 03 00 
02B0: 51 E4 10 BE 00 00 00 00 07 00 01 00 38 00 01 00 
02C0: 58 01 00 00 00 04 00 00 00 00 00 00 00 00 00 00 
02D0: 04 00 00 00 50 5A 05 00 03 00 00 00 00 00 00 00 
02E0: 10 00 00 00 60 00 00 00 00 00 00 00 00 00 00 00 
02F0: 48 00 00 00 18 00 00 00 E1 57 20 5C 42 2E DD 01 
0300: E1 57 20 5C 42 2E DD 01 E1 57 20 5C 42 2E DD 01 
0310: E1 57 20 5C 42 2E DD 01 20 00 00 00 00 00 00 00 
0320: 00 00 00 00 00 00 00 00 00 00 00 00 19 0D 00 00 
0330: 00 00 00 00 00 00 00 00 A8 4B 62 27 00 00 00 00 
0340: 30 00 00 00 68 00 00 00 00 00 00 00 00 00 02 00 
0350: 4E 00 00 00 18 00 01 00 86 9B 00 00 00 00 09 00 
0360: E1 57 20 5C 42 2E DD 01 E1 57 20 5C 42 2E DD 01 
0370: E1 57 20 5C 42 2E DD 01 E1 57 20 5C 42 2E DD 01 
0380: 00 00 00 00 00 00 00 00 00 00 00 00 00 00 00 00 
0390: 20 00 00 00 00 00 00 00 06 03 65 00 61 00 2E 00 
03A0: 65 00 78 00 65 00 00 00 80 00 00 00 50 00 00 00 
03B0: 01 00 00 00 00 00 03 00 00 00 00 00 00 00 00 00 
03C0: 01 00 00 00 00 00 00 00 40 00 00 00 00 00 00 00 
03D0: 00 20 00 00 00 00 00 00 00 16 00 00 00 00 00 00 
03E0: 00 16 00 00 00 00 00 00 31 01 8E 55 20 31 01 38 
03F0: 1F 02 00 00 00 00 00 00 FF FF FF FF 82 79 47 11 
